8
4
2
3
17
50

0
86
128
0
-1
0
90
224
1
-1
0
87
76
2
-1
0
86
171
3
-1
1
215
151
4
-1
1
206
98
5
-1
1
213
211
6
-1
1
332
90
7
-1
1
339
152
8
-1
1
341
218
9
-1
3
440
87
10
-1
3
450
184
11
-1
1
334
36
12
-1
1
199
42
13
-1
2
297
284
14
-1
2
384
281
15
-1
2
151
283
16
-1

1
6
1
4
1
5
1
13
3
6
0
4
2
5
2
13
3
4
3
5
3
13
2
4
2
6
0
5
0
13
0
6
6
9
6
8
6
7
6
12
4
9
4
8
4
7
4
12
5
9
5
8
5
7
5
12
13
9
13
8
13
7
13
12
12
10
7
10
8
10
9
10
12
11
7
11
8
11
9
11
16
6
16
4
16
5
16
13
14
9
14
8
14
7
14
12
15
11
15
10
